20 20
9.51387349339133	9.40272725971125	5.09116063150068	0.885035320535096	1.65121917232125	2.98115467067025	9.44976283183825	0.400684963818208	5.68418743629346	0.246843762807305	6.95795144546578	8.30134967722625	2.03433150546306	5.85019982536578	3.17614767120181	0.840021928816856	0.578588749327651	6.10946981690505	4.86607939983072	3.72809137698541
4.69244417529437	9.78591603490165	5.82111193832711	8.62005157466880	4.55519991590386	5.35084597799052	5.09960784755966	5.46721674392765	7.32355966885137	3.11678645791809	2.96021696929277	8.21912674661341	1.06053117121610	8.86082580564025	6.88586017165099	8.24512997695631	3.20461111159757	8.06122781463798	9.93557836766033	8.40516900607092
7.07278125235282	4.92180873664610	0.455838576024122	1.66658520530736	6.16871129761657	1.74706655067164	9.53713444243099	9.62809058968873	4.09950908282565	9.54205954956290	1.91786537818643	3.27704438701776	2.35275916987647	8.98562971412446	8.76557849310733	1.75436495527484	3.85813567085995	0.340124749115065	3.89695825483231	8.80430038584374
4.90658071783372	4.41688845309652	8.75813839029804	4.51568181093334	1.14983168855986	5.32258172495056	4.69904386311318	1.84592722514040	6.13652364049321	9.05298438364697	3.23164666564973	9.16664777440364	6.10486903214436	5.35417420985506	0.0320705121121179	5.63525514247730	7.26784267515872	6.18534366971934	7.01721418078017	2.42094840192117
3.65656186257803	7.97656329440903	4.83950389812478	2.83776335718313	0.825707897244924	2.12151237651065	9.32901147267347	0.420230229477961	9.72009007945684	7.28396713009364	9.33363476862070	6.29247680611301	5.95810436727333	7.55166866592859	4.29437411805136	8.13498210624483	9.67253934176515	3.61377133617230	2.14784347126854	6.96823316116929
6.13785410804039	1.20493777678604	1.94210624121535	5.47735545344992	0.190098971099495	6.84390929877125	7.91717329677493	4.45642015571468	8.56158915809978	6.55715625585045	6.67618598418268	0.718251768957663	5.35021169998628	4.16722121958315	3.38935563140955	9.49024461382047	9.70237118400465	1.40467190537346	4.99448393892076	2.68449598034840
6.53448336805900	8.27361155800560	9.81334797336848	9.71439466525646	0.872258188340072	3.88160810976569	4.94275965284496	3.95741477753160	3.84891746645172	6.16215252165537	7.51399998751805	6.78707480090608	6.52011472185380	0.241277313744011	7.85716026839938	6.49580454302892	6.26495337217440	1.28375867874527	0.556304889956643	4.40792462658529
2.13981372333978	7.46287405710920	9.02632540968825	1.48792824277918	4.14125415447404	2.29595230161573	0.136719462301893	9.70176244719239	2.73125572174325	2.13614148441000	9.72795842915455	3.59388823280066	7.58678423303028	2.00170880401206	7.71120435927037	1.98634960603287	8.51590199862832	0.360134468618486	0.354883019680793	0.962506089645945
5.58709557067706	5.86822226311564	6.27811197023507	8.68318152214664	4.42025004982225	5.75133222218272	2.40215066301545	6.69351094762089	8.34462237869957	7.07738023958429	4.27909962056768	1.53498624372378	3.05872113526422	2.26596439837587	6.58449257993830	0.824863089887310	2.88775380342380	4.01865856420651	4.89304861872392	2.99101951363799
9.56305697259927	3.02986912217345	3.68959710710898	4.88420542207387	8.56215279057663	1.30771395684225	4.37881022322420	7.30173335721901	4.92245305798411	1.87489258641885	3.02633564268655	0.496252624755480	2.94189884673659	5.58167746218104	3.90633960804595	3.66615389645904	3.77410100552585	9.73218866862622	2.94843551807108	9.64027961217740
8.83752584942020	5.85087531498484	9.28357811879587	5.90906204182754	2.40533091166582	2.84857318038911	8.87978273197626	1.09654346097627	4.70744846029491	8.93800922125551	8.54622582396325	8.13968936273827	5.18502778618377	0.771384072318998	2.37947638917869	9.84368570286358	2.30335472334030	8.90107027853619	0.648179263370375	4.16688607462691
9.71330355929779	5.74875696099226	8.98509966254754	0.0338872749003072	8.43350971010609	0.763997838797615	9.13219356930077	4.94966593047120	1.45237615021405	0.581105687137363	3.97064672035947	8.87434676884270	7.20280639206392	4.19830604499171	1.22631053530559	2.80214998255963	9.83856840804772	5.99968332072771	7.00174998409437	9.22180325973475
6.31806211524483	2.06471218567595	0.520551050810669	4.85556167326242	3.74840529501655	3.89342821220628	6.23656185378252	9.25428005541289	1.00290112106909	3.23031440438712	7.34369824356523	0.120272204613291	9.11393500297169	5.77641191556322	2.09426734051624	2.27507918720965	0.0727913298617788	3.97247166201058	3.15618912599552	6.26535595336826
4.05916219624541	0.571040764447327	0.881092567523163	7.31447481342086	0.190140560118263	8.70478305638129	4.69212616416648	6.72137198952480	3.02960357257309	8.53496109183535	6.41091532395779	2.49766475514849	3.23807783558135	8.41025382662212	6.22225197206987	1.35917717684196	6.93444276664999	0.187502537866641	7.82937745572044	7.02364284711645
4.43798897118700	2.29533685467723	2.38619796513924	5.36971453223770	7.46115657984260	6.11730957166347	8.24150540766324	4.23362401061368	9.83454320262463	1.21565200515373	8.65236463161983	0.534283138529675	2.25032000946106	6.74350236522445	5.92366222339552	9.01693156074057	3.79230570224876	7.72226337106238	1.80741164830287	5.54549978437054
0.0680373194880546	9.89017137111695	3.34385719268905	9.86512728257304	1.64438696567101	3.66753731481025	3.62644946029142	3.18828934024609	0.776884932050729	7.50045360020951	3.90702352249831	3.51800031589419	1.16121744965461	8.11149753544197	9.66550041998019	4.30881650088682	7.13894354001166	6.94692615338542	0.243628387132597	3.81704960566759
3.34832175536230	8.06388797517506	8.54288686182507	5.01551969304899	0.199513700866525	6.45149740496001	6.66755825103741	9.91782470686778	2.62521025862253	4.72667644379066	9.93666833113734	3.73785509493810	3.24164880375058	0.758535867763351	5.14840405861564	5.61100423713466	1.27695380055408	0.401434539033180	7.76437080959888	4.53770922580357
7.69546169832779	0.429886111360110	0.150757097186730	0.497240975328517	5.85342071558111	6.17067153172898	3.48291992155492	7.54406706214415	3.62836669029493	3.02544737104053	3.14808249583322	7.00164227497830	0.406352611084866	5.71052826934493	9.41109702386589	0.143928416524871	0.775613694159677	7.34169391187598	4.12921487242086	9.07306216029740
6.46106822158549	5.42398091003804	2.58463719197919	1.10462590734630	7.99097181826101	3.37686690207595	1.23768953391515	3.25558115809498	6.43342590956718	6.02322163660807	0.403651562067795	4.41463086003650	3.29770953906751	1.05905694944612	2.30951669455821	4.77447287878785	5.68224160553019	8.11341977041790	4.80622191232920	6.78955972392734
4.48022369952519	2.64695085505198	7.21256386411987	4.71467245804447	6.81603985562039	1.65547562278605	4.66428188197571	3.78191796177453	0.963482423306641	2.12391846957401	3.45827614933603	8.79065736718516	1.08666089301287	7.15489520192840	5.59117923678236	8.34042649198690	8.95252212115459	0.647781122016671	2.46820162077169	1.17297844080646